122198860025230|0,0|🍋
122198860025230|256,0|🍉
122198860025230|512,0|🥥
122198860025230|768,0|🌽
122198860025230|0,256|🥥
122198860025230|256,256|🍆
122198860025230|512,256|🍆
122198860025230|768,256|🥒
122198860025230|0,512|🍋
122198860025230|256,512|🍌
122198860025230|512,512|🥭
122198860025230|768,512|🍍
122198860025230|0,768|🍅
122198860025230|256,768|🥥
122198860025230|512,768|🥭
122198860025230|768,768|🍆
95024842539045|0,0|🌽
95024842539045|256,0|🥭
95024842539045|512,0|🍆
95024842539045|768,0|🥥
95024842539045|0,256|🍅
95024842539045|256,256|🍍
95024842539045|512,256|🥒
95024842539045|768,256|🥭
95024842539045|0,512|🍉
95024842539045|256,512|🍉
95024842539045|512,512|🍅
95024842539045|768,512|🍌
95024842539045|0,768|🍌
95024842539045|256,768|🥒
95024842539045|512,768|🍋
95024842539045|768,768|🍋
77325465473065|0,0|🥭
77325465473065|256,0|🍉
77325465473065|512,0|🥥
77325465473065|768,0|🍍
77325465473065|0,256|🍉
77325465473065|256,256|🍆
77325465473065|512,256|🍅
77325465473065|768,256|🥒
77325465473065|0,512|🥥
77325465473065|256,512|🍌
77325465473065|512,512|🍌
77325465473065|768,512|🍋
77325465473065|0,768|🌽
77325465473065|256,768|🍍
77325465473065|512,768|🥭
77325465473065|768,768|🥥
87139811354169|0,0|🍍
87139811354169|256,0|🍋
87139811354169|512,0|🍌
87139811354169|768,0|🍅
87139811354169|0,256|🥒
87139811354169|256,256|🍍
87139811354169|512,256|🥭
87139811354169|768,256|🍍
87139811354169|0,512|🌽
87139811354169|256,512|🍍
87139811354169|512,512|🍉
87139811354169|768,512|🍌
87139811354169|0,768|🥥
87139811354169|256,768|🍆
87139811354169|512,768|🍋
87139811354169|768,768|🥥
